name: ATMS523-Proj-AWS-List
channels:
  - conda-forge
  - pkgs/main
dependencies:
  - _python_abi3_support=1.0=hd8ed1ab_2
  - asttokens=3.0.1=pyhd8ed1ab_0
  - boto3=1.40.54=py313haa95532_0
  - botocore=1.40.54=py313haa95532_1
  - brotlicffi=1.2.0.0=py313h885b0b7_0
  - bzip2=1.0.8=h2bbff1b_6
  - ca-certificates=2025.12.2=haa95532_0
  - cffi=2.0.0=py313h02ab6af_1
  - colorama=0.4.6=pyhd8ed1ab_1
  - comm=0.2.3=pyhe01879c_0
  - cpython=3.13.11=py313hd8ed1ab_100
  - debugpy=1.8.17=py313h927ade5_1
  - decorator=5.2.1=pyhd8ed1ab_0
  - executing=2.2.1=pyhd8ed1ab_0
  - expat=2.7.3=h885b0b7_3
  - importlib-metadata=8.7.0=pyhe01879c_1
  - ipykernel=7.1.0=pyh6dadd2b_0
  - ipython=9.8.0=pyhe2676ad_0
  - ipython_pygments_lexers=1.1.1=pyhd8ed1ab_0
  - jedi=0.19.2=pyhd8ed1ab_1
  - jmespath=1.0.1=py313haa95532_0
  - jupyter_client=8.6.3=pyhd8ed1ab_1
  - jupyter_core=5.9.1=pyh6dadd2b_0
  - krb5=1.21.3=hdf4eb48_0
  - libexpat=2.7.3=h885b0b7_3
  - libffi=3.4.4=hd77b12b_1
  - libmpdec=4.0.0=h827c3e9_0
  - libsodium=1.0.20=hc70643c_0
  - libzlib=1.3.1=h02ab6af_0
  - matplotlib-inline=0.2.1=pyhd8ed1ab_0
  - nest-asyncio=1.6.0=pyhd8ed1ab_1
  - openssl=3.6.0=h725018a_0
  - packaging=25.0=pyh29332c3_1
  - parso=0.8.5=pyhcf101f3_0
  - pip=25.3=pyhc872135_0
  - platformdirs=4.5.1=pyhcf101f3_0
  - prompt-toolkit=3.0.52=pyha770c72_0
  - psutil=7.1.3=py313h5fd188c_0
  - pure_eval=0.2.3=pyhd8ed1ab_1
  - pycparser=2.23=py313haa95532_0
  - pygments=2.19.2=pyhd8ed1ab_0
  - pysocks=1.7.1=py313haa95532_1
  - python=3.13.10=h260b955_100_cp313
  - python-dateutil=2.9.0post0=py313haa95532_2
  - python-gil=3.13.11=h4df99d1_100
  - python_abi=3.13=3_cp313
  - pywin32=311=py313h40c08fc_1
  - pyzmq=27.1.0=py312hbb5da91_0
  - s3transfer=0.14.0=py313haa95532_0
  - setuptools=80.9.0=py313haa95532_0
  - six=1.17.0=py313haa95532_0
  - sqlite=3.51.0=hda9a48d_0
  - stack_data=0.6.3=pyhd8ed1ab_1
  - tk=8.6.15=hf199647_0
  - tornado=6.5.2=py313h5ea7bf4_2
  - traitlets=5.14.3=pyhd8ed1ab_1
  - typing_extensions=4.15.0=pyhcf101f3_0
  - tzdata=2025b=h04d1e81_0
  - ucrt=10.0.22621.0=haa95532_0
  - urllib3=2.6.0=py313haa95532_0
  - vc=14.3=h2df5915_10
  - vc14_runtime=14.44.35208=h4927774_10
  - vs2015_runtime=14.44.35208=ha6b5a95_10
  - wcwidth=0.2.14=pyhd8ed1ab_0
  - wheel=0.45.1=py313haa95532_0
  - win_inet_pton=1.1.0=py313haa95532_1
  - xz=5.6.4=h4754444_1
  - zeromq=4.3.5=h5bddc39_9
  - zipp=3.23.0=pyhcf101f3_1
  - zlib=1.3.1=h02ab6af_0

prefix: "C:\\Users\\12ian\\anaconda3\\envs\\ATMS523-Proj-AWS-List"
